name: Albers Equal Area
proj: aea
ellps: GRS80
a: 6378137.0000000000
es: 0.0066943800
f: 298.2572221010
lat_0: 44.0000000000
lat_1: 41.0000000000
lat_2: 47.0000000000
lon_0: -120.0000000000
x_0: 0.0000000000
y_0: 0.0000000000
