proj:       99
zone:       0
north:      89088
south:      32320
east:       -160928
west:       -238880
cols:       2436
rows:       1774
e-w resol:  32
n-s resol:  32
top:        1.000000000000000
bottom:     0.000000000000000
cols3:      2436
rows3:      1774
depths:     1
e-w resol3: 32
n-s resol3: 32
t-b resol:  1
